.Random.seed <-
c(403L, 10L, 2083829701L, -2104067809L, 2071558310L, -837903824L, 
-1281875757L, 693350129L, 687672864L, 798062782L, -1019061047L, 
159127163L, 677057610L, 1413512364L, 2120690607L, -263893147L, 
1552622876L, 1728802162L, 441574893L, 1873865255L, -2066789810L, 
-951775576L, -905788245L, 339961289L, -229398056L, -1125187450L, 
1415581025L, 326828275L, -1528778910L, 1531103700L, 889879767L, 
645217997L, -615614876L, -1836682166L, -878034507L, -2034840305L, 
1399466518L, -1134074688L, 910353027L, 1914564257L, -1724424048L, 
1099352942L, -1697802983L, 2077484459L, 372319130L, -60359844L, 
-167863713L, -1892105675L, 218794444L, 634978594L, -479476867L, 
756047991L, 1014752670L, 2074074200L, -981956165L, -1271050407L, 
164670696L, -2125335274L, -504650095L, -2027361469L, -1325910446L, 
-9004828L, -1519432921L, 421969789L, -634023308L, 1524862042L, 
-850815835L, -404574529L, -1058286266L, 698440656L, -632752653L, 
2102591761L, 1152257344L, 1804356894L, 1424783849L, 981089051L, 
-1605327574L, -205783476L, -941012465L, -1660056251L, 1827983100L, 
-2087574190L, -1125823795L, 499245703L, -1842600594L, -612835512L, 
240249675L, 860017321L, 977967096L, 1742911270L, 912943169L, 
1969261011L, 291464066L, -1571354700L, -147448009L, -447482323L, 
307939140L, -1629375382L, -640225579L, 245524591L, -1997166218L, 
1978323616L, -208224413L, -1660496895L, 1252351856L, -1195845874L, 
-1482452615L, 1961567499L, 110853690L, 1005843772L, 1912027775L, 
-969399851L, -730447892L, 1322508610L, -407576931L, 2035809047L, 
1975347838L, -229721544L, 1544092955L, 23243385L, 2096031432L, 
-1815249162L, 2014648113L, 754470755L, -800004814L, -317540732L, 
-2011274553L, -1621409379L, -470334188L, -349926470L, -672251L, 
346390495L, -1766427034L, 721396208L, -312889581L, 961704113L, 
-565079200L, -35192578L, 634679433L, 1625431995L, 1789897098L, 
1021040748L, 279738863L, 1189392933L, 328132316L, 1439300786L, 
1587515309L, 937939815L, -1607815026L, -832418456L, -2103964309L, 
1169547017L, -764382824L, -1385752378L, -57857503L, -1678626125L, 
-57278430L, -2075485676L, 893214359L, 1466405005L, 1260103076L, 
1210345354L, -914783243L, 1381050959L, -1725059754L, 423331840L, 
1967806787L, -1943759647L, -1125011888L, -1201687890L, -424421799L, 
-1815372181L, -1020931110L, 1102038172L, 2075659935L, 1344177397L, 
465347980L, -346070942L, 1093070909L, 1765075639L, -1117646498L, 
1532729496L, 1201775611L, -1062121063L, 882078248L, 1154400982L, 
43329361L, -964408829L, -807436910L, -881800412L, 751005159L, 
-1518933443L, -1741904716L, 1029006106L, 776931429L, 1858887935L, 
-1657482874L, 798689040L, 783811507L, -163692463L, -1835641856L, 
-195603234L, -1952094423L, 880720603L, -1193537046L, 867391884L, 
1070931663L, -1567464827L, 1023080764L, 1417176082L, 1087474445L, 
-1998628793L, -642876882L, 1639359368L, -781226357L, -599572375L, 
-766129096L, -185434906L, -1668103039L, -466578413L, -598522942L, 
-557474700L, 444920439L, 1196510061L, -1161745404L, 472893226L, 
-1446849387L, 855819055L, -1141870026L, -1818082668L, -918415742L, 
-1877700160L, -1803657412L, 30144144L, 709899042L, -951474680L, 
1431140108L, 1157396380L, 1893138450L, -2048990336L, 479461140L, 
-1247327960L, -7200710L, -905406512L, 1685342828L, -1414165452L, 
168129682L, 1475591520L, -1674358452L, 864496096L, 147562402L, 
1669984168L, -1026886516L, -1464183876L, 2105161842L, 582079472L, 
1842659396L, -231525288L, 159731770L, 1248108656L, -1156165060L, 
1383742228L, -52961598L, -873865504L, -280865668L, -944258864L, 
1947603874L, 1883902504L, 1242932492L, 868842428L, 1123910962L, 
-895644480L, -2048229836L, 1363359432L, -1215883590L, -1745534832L, 
302152428L, 1639639636L, 1494757010L, -2130797792L, 804613068L, 
539737312L, -1263834430L, -1385701336L, -1342698580L, 1177123516L, 
-71506446L, 1007633968L, -467472476L, 1603683768L, 1415159642L, 
1621661840L, 158673788L, 1762124564L, -1763811006L, 1306264320L, 
2083860412L, 1165423440L, 180614434L, -770990520L, 398682124L, 
-122662820L, 1669986770L, 1387805184L, -951017132L, 1837540584L, 
-1698013958L, -2020288816L, -725283540L, 599402740L, 1093793170L, 
1067915616L, -1825097716L, -1968701728L, 730282594L, -1353015640L, 
220911180L, -5194884L, 2114876722L, -1882243472L, -453395644L, 
1481364440L, -1430216838L, -706104784L, -1242313796L, 788161108L, 
147967042L, 1071700128L, 1145062076L, 1436343760L, -245868702L, 
-1005333784L, -788273972L, 518024700L, 1332484594L, -640764288L, 
732947956L, -1079766392L, -184334534L, 1019486032L, 1389218924L, 
119532948L, 3083346L, -855352864L, -262187828L, -982323040L, 
763816322L, -1411417880L, -1444912404L, -1648659140L, 837176434L, 
320406640L, -1006474204L, 154132536L, -1608381670L, 1032813776L, 
-569689284L, 1431316372L, 45412226L, 1870435776L, 1202463292L, 
2030893456L, 638769698L, 1029451016L, -77292916L, -59721956L, 
597086354L, -242163328L, 730939924L, -2102852824L, 1367483962L, 
-867206704L, 60126572L, -479226956L, 524893202L, 1553052128L, 
-855735348L, 119763168L, 789112866L, 1191550248L, -1746717172L, 
1686512444L, -505474062L, 663379696L, -324253116L, -443740584L, 
1528517434L, -880602640L, 1161715388L, 476888340L, 276020930L, 
200015968L, 490784636L, -2063524912L, -47710942L, 807700136L, 
-485758068L, 2073001148L, -1903958222L, 1084674624L, 1250769076L, 
-817280440L, 1720442298L, -423325168L, -2023661844L, -843248300L, 
648615186L, 1665972640L, 461840076L, -149633440L, -1498573886L, 
-1864727768L, 1538743212L, -1590128836L, -1213457038L, 1475874608L, 
-1444129500L, -54830280L, -1365295398L, 2144478096L, 1588296444L, 
-453586028L, 1551814722L, 418529536L, 1184298044L, -16759472L, 
-1639153502L, 859651400L, -1299301620L, 1681122012L, 250642770L, 
2040529024L, 283274324L, -1153319960L, -1685990150L, -1904287920L, 
228011820L, -1351197324L, -779255918L, 436370528L, 134985100L, 
1424690016L, -997349918L, 264086440L, -968154932L, 568105980L, 
-1297403470L, 586563056L, -1235492924L, -1873780392L, 1046295930L, 
1823915952L, 489199036L, 879666260L, 651110338L, 1838520352L, 
-1856689080L, 267015281L, -1571937821L, 1355103460L, 2088052754L, 
-218215449L, -1784958031L, -1622471178L, 1237135380L, -1666212059L, 
-386709457L, -278785560L, -1002641722L, 1997694835L, -1126170667L, 
-4753486L, -878710400L, -82769559L, 1970019803L, 1887687980L, 
543711034L, -2023353873L, 1721427065L, 141121294L, -336751908L, 
-2029702835L, 394357943L, -438651328L, -1286416610L, -1480692245L, 
367300973L, 257699802L, 576321944L, 1171294209L, -361829965L, 
404971732L, -855153182L, -1072205705L, 1407849921L, -1133822138L, 
1603684996L, -1794673611L, -1917668321L, 1131418488L, 1244420694L, 
601073379L, -1999863643L, -79933118L, 480925488L, -42392743L, 
-911972149L, -1495361220L, 418141546L, 1709170591L, -260216279L, 
1202926782L, 924609964L, 1376457469L, 1001250375L, 1245936944L, 
128945742L, -322371973L, 1769803229L, -1650988022L, 762907944L, 
1982792593L, 1662539139L, -1491242364L, 1261187250L, -850915321L, 
-493908911L, -301130794L, -1566137676L, -1155595579L, 870081551L, 
711787656L, 940582310L, 1822846291L, -2012092747L, 1816943634L, 
1826749920L, -749281207L, 1198245499L, 138514252L, -431404326L, 
-1140273457L, -362496359L, -1364122962L, -1726808132L, -1792538579L, 
-1839122473L, 426982944L, 384884606L, 1809555787L, -1053580467L, 
2080055674L, 655266744L, -897332895L, 121558291L, -1015087820L, 
720758594L, 1906292567L, -2028345695L, 538429286L, 2067063140L, 
-1265310571L, -1512591937L, -1290055336L, -1952907402L, 919965059L, 
906078149L, -1467212574L, 484976976L, -435341191L, -1882899541L, 
1081303324L, -1753405878L, -1358126529L, -2116634999L, 123658910L, 
-743424180L, -190007523L, 1501959847L, 1965350352L, 222184814L, 
905345051L, 2065095037L, 2065956714L, 1428285960L, -342700367L, 
1809631523L, -392136156L, 1401221330L, -5002969L, 1474446193L, 
1996468662L, -1452062380L, -50714651L, -1945529873L, -1113958104L, 
-1557679738L, -1718649421L, -699916011L, -894119054L, -1094770752L, 
-975712215L, 60148891L, 1535412588L, 418652538L, -1238666577L, 
